6.0438992E+00	3.2828173E+01	1.9763972E-01	2.5050902E+01
-8.6070156E+00	3.0802560E+01	2.2405756E-01	1.1389067E+01
4.1866744E+01	3.5811779E+01	7.1171332E-01	2.9592738E+01
3.3443552E+01	5.1032896E+01	1.4015616E-01	1.0734504E+01
6.9617787E+01	8.2285769E+01	2.8275911E-01	1.0806069E+01
4.8020950E+01	8.5434722E+01	7.1999647E-01	1.8026419E+01
1.7896033E+01	7.9091750E+01	1.8363063E-01	3.4186336E+01
5.8478858E+01	9.4539671E+01	4.0859768E-01	1.5888771E+01
1.2186585E+01	4.0151375E+01	3.1701780E-01	1.1028266E+01
1.3449185E+01	4.5269710E+01	7.4843790E-01	1.2237594E+01
5.1301047E+01	6.3646285E+01	1.9509634E-01	3.3045374E+01
-3.9792174E+00	6.7612772E+01	6.4262700E-01	1.2967984E+01
-1.9250874E+01	8.2045186E+01	1.8530686E-01	3.4381172E+01
-6.7367336E+00	8.7012682E+01	4.9219716E-01	2.1777413E+01
3.2958597E+01	4.7087485E+01	7.0975729E-01	2.6615138E+01
6.1606012E+01	4.4369715E+01	6.6470587E-01	2.4566966E+01
5.4201825E+01	4.3225245E+01	4.6503336E-01	1.9910878E+01
7.3413498E+01	2.1252065E+01	7.0136244E-01	2.6118702E+01
3.7446475E+01	5.3310306E+01	6.5143361E-01	3.0082464E+01
5.3929750E+01	3.5154771E+01	7.2739613E-01	2.5384317E+01
6.3471113E+01	5.4548462E+00	2.5635970E-01	3.2989768E+01
6.4202872E+01	6.0884455E+01	4.2687936E-01	3.2594192E+01
5.0239558E+01	2.1611660E+00	6.0605518E-01	1.0215905E+01
7.0316059E+01	6.8481815E+01	4.2490282E-01	2.6318239E+01
2.3934810E+01	1.6443217E+00	1.1058583E-01	1.1932915E+01
2.6480483E+01	9.0747425E+01	5.3220290E-01	2.3088649E+01
5.9003908E+01	9.2647650E+01	6.2729537E-01	2.5925259E+01
3.6698393E+01	2.2384376E+01	2.1422944E-01	1.7263877E+01
5.6913673E+01	1.4632886E+01	6.9307581E-01	1.5708133E+01
4.2381313E+00	8.8663828E+01	3.2144150E-01	3.1219756E+01
3.4999165E+00	6.9629173E+01	3.3701020E-01	2.4493258E+01
6.7108567E+01	7.5964917E+01	1.6742761E-01	1.8293623E+01
-1.4148623E+01	6.5631263E+01	3.8385065E-01	3.0880777E+01
7.1990447E+01	7.1467545E+01	6.1190874E-01	3.0619284E+01
8.9990906E+00	7.7350042E+01	1.5476788E-01	2.2747425E+01
3.4801012E+01	6.4450757E+01	4.0380356E-01	1.9550160E+01
1.7351262E+00	5.5675387E+01	5.5177934E-01	1.7638088E+01
-1.7867536E+01	5.8390909E+01	5.1944106E-01	1.5454911E+01
3.9432455E+01	4.6275054E+01	2.5469711E-01	2.8559016E+01
-4.9634061E-01	4.7674057E+01	7.4023628E-01	2.7282384E+01
7.2593272E+01	5.9654241E+01	3.6114259E-01	1.5205649E+01
2.8613690E+01	4.1990401E+01	2.3158605E-01	2.2310528E+01
-9.0938809E+00	9.8315882E+01	6.3723113E-01	2.6988066E+01
-1.6953744E+01	3.7078522E+01	3.2777558E-01	3.4524680E+01
2.5375459E+01	2.3064370E+01	1.3549308E-01	2.8191984E+01
7.8379933E+01	4.8567960E+01	5.4755426E-01	1.6476269E+01
4.9661028E+01	7.4327615E+01	4.4825839E-01	2.8947034E+01
7.7849629E+01	1.6458014E+01	1.6386871E-01	2.0280596E+01
-1.1703634E+01	1.9800517E+01	4.5246278E-01	3.1673767E+01
6.8329242E+01	8.0515237E+01	1.1538329E-01	1.3749711E+01
-1.5723973E+01	6.0297832E+00	2.7037235E-01	2.4865815E+01
9.7635767E+00	2.4584333E+01	3.9270442E-01	1.9275352E+01
5.5379418E+00	1.1360773E+01	2.3686243E-01	2.3901986E+01
-2.5991895E+00	9.7919565E+01	5.1049402E-01	1.2284825E+01
4.7497411E+01	9.6210996E+01	4.7531088E-01	1.2616750E+01
7.6373593E+01	8.0215086E+00	1.0417661E-01	2.0607223E+01
2.7149073E+01	3.9814438E+00	3.6775975E-01	2.1624039E+01
7.9742700E+01	8.7984195E+01	2.4541070E-01	2.0769323E+01
-1.0495865E+01	2.0599655E+01	2.0617047E-01	1.3821804E+01
1.0143816E+01	8.4886466E+01	6.9088478E-01	3.3651798E+01
-1.3142569E+01	5.6672063E+01	4.7711627E-01	1.6222024E+01
3.0375047E+01	1.6845693E+01	5.7925070E-01	1.0395257E+01
2.0586797E+01	3.4293123E+00	2.6859950E-01	1.3308388E+01
3.8251078E+01	3.8918050E+01	5.0339747E-01	2.3292017E+01
6.0496587E+01	1.5155687E+01	3.0307392E-01	3.1454927E+01
1.9680449E+01	7.6675699E+00	6.2315513E-01	1.8748937E+01
-1.8227865E+01	7.6810635E+01	1.2175588E-01	2.1041893E+01
1.6665216E+01	2.5546465E+01	7.3154335E-01	1.6501250E+01
4.4766370E+01	6.7070403E+01	5.7112107E-01	1.9085752E+01
1.5999733E+01	7.2493282E+01	6.8214199E-01	2.4038893E+01
6.6149705E+01	7.9887420E+01	4.1200826E-01	1.4858942E+01
-5.5175331E+00	5.8635604E+01	5.8370497E-01	2.3596368E+01
4.6714839E+01	3.8288753E+01	5.8901069E-01	2.2150708E+01
7.5270531E+01	9.1254917E+01	5.0283474E-01	1.3053290E+01
5.2197019E+01	5.3945023E+01	4.4428576E-01	2.0178128E+01
2.9986684E+00	7.0401205E+01	1.7301871E-01	2.7585409E+01
4.3960988E+01	3.2242738E+01	4.6009490E-01	3.0455434E+01
4.5542651E+01	1.8453455E+01	5.5745184E-01	3.2343554E+01
4.0543185E+01	2.9278315E+01	4.3429904E-01	2.5569303E+01
4.2361937E+01	9.3899111E+01	6.1353312E-01	3.4964785E+01
-1.2077509E+01	8.9596967E+01	3.4695149E-01	3.1757076E+01
6.2329971E+01	6.2738935E+01	6.7272930E-01	2.9069694E+01
2.9596234E+01	6.1530555E+01	1.3113387E-01	2.7039096E+01
3.1539688E+01	9.9113562E+01	6.6696256E-01	1.6882942E+01
-4.2414229E+00	2.7272284E+01	4.8905130E-01	2.8434169E+01
5.5119365E+01	1.2826534E+01	2.2066454E-01	3.2154406E+01
2.1981285E+01	9.5235281E+01	2.9050773E-01	1.7967934E+01
1.8656144E+01	1.2966502E+01	5.9638780E-01	1.4236099E+01
7.4802019E+01	3.4021680E+01	3.7918766E-01	1.4471538E+01
2.4223227E+01	4.9622090E+01	3.1185565E-01	2.9801441E+01
1.6580405E-01	8.3308338E+01	1.4735104E-01	1.1525989E+01
1.1716625E+01	7.3371717E+01	5.4168698E-01	2.2792885E+01
1.4136650E+01	9.6389010E+00	6.5648718E-01	2.9369440E+01
6.5580455E+01	2.8354619E+01	3.5857297E-01	3.3381137E+01
-7.5305836E+00	5.4469526E+01	2.7644379E-01	1.8858366E+01
3.5838019E+01	5.1712620E+01	3.8737536E-01	1.7010159E+01
-1.9850442E+00	1.0084869E+01	3.5182979E-01	1.4627181E+01
2.2803417E+01	4.1353982E+01	5.6266770E-01	2.7851023E+01
7.5861429E+00	2.5972964E+01	3.0054240E-01	2.1440456E+01
5.7943347E+01	2.9981819E+01	5.2455405E-01	3.3996229E+01
