1	0.840855124	0.401697377
2	0.876722476	0.187468679
3	0.678973033	0.673897426
4	0.889946594	0.157688582
5	0.884690183	0.167722007
6	0.743689727	0.372887131
7	0.812510905	0.492654961
8	0.825049465	0.264558119
9	0.861795451	0.191456014
10	0.785557286	0.279015185
11	0.82143108	0.495826949
12	0.794178097	0.26531127
13	0.810807998	0.493322636
14	0.765228731	0.389636761
15	0.690593955	0.591139377
16	0.73348544	0.534308375
17	0.799393101	0.382021012
18	0.79910025	0.610060141
19	0.684886567	0.637057025
20	0.707629493	0.584176758
21	0.895853671	0.589165851
22	0.760146229	0.587191236
23	0.894643303	0.23494744
24	0.795720636	0.466261659
25	0.907275091	0.189991243
26	0.748598858	0.421170032
27	0.717959811	0.50046662
28	0.867003973	0.287072446
29	0.815211709	0.370444974
30	0.770137864	0.493102395
31	0.793579366	0.406230239
32	0.881264824	0.261616578
33	0.753514525	0.534382843
34	0.7227956	0.610007328
35	0.852176742	0.320908313
36	0.80088993	0.344006378
37	0.779350897	0.349273673
38	0.799087236	0.297998237
39	0.811007577	0.466281079
40	0.678068404	0.616005234
41	0.864747767	0.261969161
42	0.836750769	0.36079068
43	0.700013064	0.518649759
44	0.767137732	0.608217865
45	0.858988382	0.437743504
46	0.845217581	0.3302081
47	0.747507759	0.51521389
48	0.917444483	0.327465238
49	0.758217548	0.633585729
50	0.902717076	0.186203196
51	0.869498787	0.448458832
52	0.818018783	0.365877899
53	0.859387549	0.41477426
54	0.819122952	0.217971152
55	0.825841274	0.21934112
56	0.922260343	0.321607004
57	0.874707317	0.421809248
58	0.873986962	0.309568548
59	0.876616244	0.229200707
60	0.650522751	0.685046677
61	0.802792414	0.305150406
62	0.841453873	0.227560704
63	0.896346217	0.241076078
64	0.765128943	0.462793265
65	0.856387348	0.570270609
66	0.816908147	0.430472358
67	0.865999607	0.2886668
68	0.761217682	0.388614132
69	0.767836239	0.373883399
70	0.70872712	0.498760135
71	0.839590329	0.255049999
72	0.735780484	0.473985731
73	0.754113241	0.465801719
74	0.843926952	0.233322813
75	0.796792106	0.37322268
76	0.834049957	0.400780139
77	0.751006798	0.596129668
78	0.739485639	0.695797429
79	0.780255497	0.494792259
80	0.666054953	0.667688044
81	0.759521303	0.510366219
82	0.697724652	0.611619363
83	0.851777577	0.385644554
84	0.759614567	0.329857447
85	0.749303897	0.573714309
86	0.866904182	0.548893246
87	0.831442463	0.273739758
88	0.82232271	0.317721353
89	0.885781316	0.266549034
90	0.784665693	0.505186528
91	0.884239108	0.159695631
92	0.748798431	0.432667194
93	0.746789642	0.685163637
94	0.820539481	0.613075413
95	0.833943697	0.307942403
96	0.819322531	0.303629133
97	0.867396703	0.278204691
98	0.722556434	0.572232518
99	0.829340395	0.37890075
100	0.739398972	0.698199443
